Advection Stability Condition: |U*dt/dx|<=1, where dx=L0/N 
|a*dt/dx|= 0.256 
dt = 0.000625 
dx = 0.00488281 
N = 2048 
