i: 0 t: 0 dt: 1.28641e-05 #Cells: 40116 Wall clock time (s): 0 CPU time (s): 0.313264 
i: 1011 t: 1 dt: 0.000999763 #Cells: 40116 Wall clock time (s): 33.9236 CPU time (s): 131.612 
i: 2011 t: 2 dt: 0.001 #Cells: 40116 Wall clock time (s): 68.3544 CPU time (s): 265.655 
