rho1: 1 
rho2: 0.917 
mu1: 0.01 
mu2: 0.3 
sigma: 7.28 
refLength: 0.001 
refVelocity: 0.1 
Reynolds Number: 100 
Weber Number: 0.137363 
Froude Number: 1.01015 
Dimensionless gravity: 0.98 
