rho1: 1 
rho2: 0.001225 
mu1: 0.000319438 
mu2: 0.000578183 
sigma: 0.0742857 
refLength: 0.01 
refVelocity: 0.31305 
refTime: 0.0031305 
Reynolds Number: 3130.5 
Weber Number: 13.4615 
Froude Number: 1 
Dimensionless gravity: 1 
L0: 8 
(Min) DeltaX: 0.0078125 
Diffusion Stability condition (must be <=0.5, see code for source): 0.00065536 
